1
计算机系统原理
54.50
刘均
5
电子信息技术和计算机软件等技术的快速发展，深刻地影响着人们的生产、生活、学习和思想观念
2
计算机系统原理
54.50
刘均
5
电子信息技术和计算机软件等技术的快速发展，深刻地影响着人们的生产、生活、学习和思想观念
3
PHP
54.50
Web程序设计与Ajax技术
5
PHP是开发Web应用程序最理想的语言之一
4
PHP
54.50
Web程序设计与Ajax技术
5
PHP是开发Web应用程序最理想的语言之一
5
Linux操作系统应用与开发教程
49.50
邱铁
5
Linux的设计参照了流行的网络操作系统UNIX。具有很强的兼容性和稳定性。
6
Linux操作系统应用与开发教程
49.50
邱铁
5
Linux的设计参照了流行的网络操作系统UNIX。具有很强的兼容性和稳定性。
7
算法设计与分析
49.00
赵端阳
5
主要通过介绍常见的算法设计策略及复杂性分析方法，培养学生分析问题和解决问题的能力
8
JavaScript+jQuery
49.00
Web交互程序设计
5
一个标准的网页由结构、表现、行为三部分组成。
9
JavaScript+jQuery
49.00
Web交互程序设计
5
一个标准的网页由结构、表现、行为三部分组成。
10
算法设计与分析
49.00
赵端阳
5
主要通过介绍常见的算法设计策略及复杂性分析方法，培养学生分析问题和解决问题的能力
11
每天读点英文英美文化常识全集
29.80
马钟元
5
它将散如繁星的文化常识化整为零，力求贴近生活，让读者足不出户，便可领略英美国家的文化魅力
12
马克思主义基本原理概伦
23.00
本书编写组
10
马克思主义理论研究和建设工程重点教材
13
本书编写组
10.00
马克思主义理论研究和建设工程重点,
44
每天读点英文英美文化常识全集
14
29
0.00
0
30
0.00
15
9
0.00
0
10
0.00
16
7
0.00
0
8
0.00
17
5
0.00
0
6
0.00
18
43
0.00
马克思主义基本原理概伦
23
.00
19
41
0.00
0
42
0.00
20
39
0.00
0
40
0.00
21
37
0.00
0
38
0.00
22
35
0.00
0
36
0.00
23
33
0.00
0
34
0.00
24
31
0.00
0
32
0.00
25
3
0.00
0
4
0.00
26
0.00
0.00
27
0
.00
0
28
0.00
0
29
0.00
0
30
0.00
0
31
0.00
0
32
0.00
0
33
0.00
0
34
0.00
0
35
0.00
0
36
0.00
0
37
0.00
0
38
0.00
0
39
.80
0
.00
0.00
马钟元
5
它将散如繁星的文化常识化整为零，力求贴近生活，让读者足不出户，便可领略英美国家的文化魅力
40
0.00
0.00
2
0
.00
41
11
0.00
0
12
0.00
42
13
0.00
0
14
0.00
43
15
0.00
0
16
0.00
44
17
0.00
0
18
0.00
45
19
0.00
0
20
0.00
46
21
0.00
0
22
0.00
47
23
0.00
0
24
0.00
48
25
0.00
0
26
0.00
49
17
0.00
0
18
0.00
44
19
0.00
0
20
0.00
45
21
0.00
0
22
0.00
46
23
0.00
0
24
0.00
47
25
0.00
0
26
0.00
48
27
0.00
0
28
0.00
49
电子技术基础
64.30
0
5
根据当前电子技术发展的新形势，推陈出新。
